sus2 (1 2 5)
sus2add♯11 (1 2 5 #11)
sus2add9 (1 2 5 9)
sus2add9add♯11 (1 2 5 9 #11)
(no5) (1 3)
(no5)add♯11 (1 3 #11)
 (1 3 5)
add♯11 (1 3 5 #11)
6 (1 3 5 6)
6add♯11 (1 3 5 6 #11)
6add9 (1 3 5 6 9)
6add9add♯11 (1 3 5 6 9 #11)
7 (1 3 5 7)
7add♯11 (1 3 5 7 #11)
7add9 (1 3 5 7 9)
7add9add♯11 (1 3 5 7 9 #11)
add9 (1 3 5 9)
add9add♯11 (1 3 5 9 #11)
(no5)7 (1 3 7)
(no5)7add♯11 (1 3 7 #11)
(no5)7add9 (1 3 7 9)
(no5)7add9add♯11 (1 3 7 9 #11)
(no5)add9 (1 3 9)
(no5)add9add♯11 (1 3 9 #11)
5 (1 5)
5add♯11 (1 5 #11)
57 (1 5 7)
57add♯11 (1 5 7 #11)
57add9 (1 5 7 9)
57add9add♯11 (1 5 7 9 #11)
5add9 (1 5 9)
5add9add♯11 (1 5 9 #11)
