sus2 (1 2 5)
sus2add11 (1 2 5 11)
sus2add9 (1 2 5 9)
sus2add9add11 (1 2 5 9 11)
(no5) (1 3)
(no5)add11 (1 3 11)
 (1 3 5)
add11 (1 3 5 11)
6 (1 3 5 6)
6add11 (1 3 5 6 11)
6add9 (1 3 5 6 9)
6add9add11 (1 3 5 6 9 11)
△7 (1 3 5 7)
△7add11 (1 3 5 7 11)
△7add9 (1 3 5 7 9)
△7add9add11 (1 3 5 7 9 11)
add9 (1 3 5 9)
add9add11 (1 3 5 9 11)
(no5)△7 (1 3 7)
(no5)△7add11 (1 3 7 11)
(no5)△7add9 (1 3 7 9)
(no5)△7add9add11 (1 3 7 9 11)
(no5)add9 (1 3 9)
(no5)add9add11 (1 3 9 11)
sus4 (1 4 5)
sus4add11 (1 4 5 11)
sus4add9 (1 4 5 9)
sus4add9add11 (1 4 5 9 11)
5 (1 5)
5add11 (1 5 11)
5△7 (1 5 7)
5△7add11 (1 5 7 11)
5△7add9 (1 5 7 9)
5△7add9add11 (1 5 7 9 11)
5add9 (1 5 9)
5add9add11 (1 5 9 11)
